bym|tagihan|transfer|pemb|HR_credit|GL_main|GL_96010|GL_total|beda
BYM/01/26/00032|81385305.40|81385305.00|.40|81385305.40|81385305.00|.00|81385305.00|.40
BYM/01/26/00047|68084368.10|68084368.00|.10|68084368.10|68084368.00|.00|68084368.00|.10
BYM/01/26/00060|251248134.06|251248134.00|.06|251248134.06|251248134.00|.00|251248134.00|.06
BYM/01/26/00085|167760981.50|167760981.00|.50|167760981.50|167760981.00|.00|167760981.00|.50
BYM/01/26/00119|49928938.50|49928938.00|.50|49928938.50|49928938.00|.00|49928938.00|.50
BYM/01/26/00197|88254277.30|88254277.00|.30|88254277.30|88254277.00|.00|88254277.00|.30
BYM/01/26/00236|340980107.30|340980107.00|.30|340980107.30|340980107.00|.00|340980107.00|.30
BYM/01/26/00241|52839424.40|52839424.00|.40|52839424.40|52839424.00|.00|52839424.00|.40
BYM/01/26/00262|362449667.39|362449667.00|.39|362449667.39|362449667.00|.00|362449667.00|.39
BYM/01/26/00273|87060480.50|87060480.00|.50|87060480.50|87060480.00|.00|87060480.00|.50
BYM/01/26/00286|147129482.50|147129482.00|.50|147129482.50|147129482.00|.00|147129482.00|.50
BYM/01/26/00330|55401257.10|55401257.00|.10|55401257.10|55401257.00|.00|55401257.00|.10
BYM/02/26/00059|231917823.20|231917823.00|.20|231917823.20|231917823.00|.00|231917823.00|.20
BYM/02/26/00060|86619632.40|86619632.00|.40|86619632.40|86619632.00|.00|86619632.00|.40
BYM/02/26/00136|301857547.40|301857547.00|.40|301857547.40|301857547.00|.00|301857547.00|.40
BYM/02/26/00148|47983330.36|47983330.00|.36|47983330.36|47983330.00|.00|47983330.00|.36
BYM/02/26/00149|324889989.06|324889989.00|.06|324889989.06|324889989.00|.00|324889989.00|.06
BYM/02/26/00161|62480335.12|62480335.00|.12|62480335.12|62480335.00|.00|62480335.00|.12
BYM/02/26/00163|96379666.04|96379666.00|.04|96379666.04|96379666.00|.00|96379666.00|.04
BYM/02/26/00206|145482068.58|145482068.00|.58|145482068.58|145482068.00|.00|145482068.00|.58
BYM/02/26/00220|261283555.30|261283555.00|.30|261283555.30|261283555.00|.00|261283555.00|.30
BYM/02/26/00221|61047565.32|61047565.00|.32|61047565.32|61047565.00|.00|61047565.00|.32
BYM/02/26/00262|214066137.69|214066137.00|.69|214066137.69|214066137.00|.00|214066137.00|.69
BYM/02/26/00295|178122772.38|178122772.00|.38|178122772.38|178122772.00|.00|178122772.00|.38
BYM/03/26/00005|49131148.99|49131148.99|.00|49131148.99|49131149.00|.00|49131149.00|-.01
BYM/03/26/00041|69090837.41|69090837.41|.00|69090837.41|69090838.00|.00|69090838.00|-.59
BYM/03/26/00053|52840753.77|52840753.77|.00|52840753.77|52840754.00|.00|52840754.00|-.23
BYM/03/26/00068|534410909.41|534410909.00|.41|534410909.41|534410909.00|.00|534410909.00|.41
BYM/03/26/00085|20351182.25|20351182.25|.00|20351182.25|20351183.00|.00|20351183.00|-.75
BYM/03/26/00097|134276078.37|134276078.37|.00|134276078.37|134276079.00|.00|134276079.00|-.63
BYM/03/26/00116|263847890.21|263847890.00|.21|263847890.21|263847890.00|.00|263847890.00|.21
BYM/03/26/00117|71996245.86|71996245.86|.00|71996245.86|71996246.00|.00|71996246.00|-.14
BYM/03/26/00118|49532168.84|49532168.84|.00|49532168.84|49532169.00|.00|49532169.00|-.16
BYM/03/26/00139|45662284.15|45662284.15|.00|45662284.15|45662285.00|.00|45662285.00|-.85
BYM/03/26/00150|164013168.72|164013168.72|.00|164013168.72|164013169.00|.00|164013169.00|-.28
BYM/03/26/00151|207538574.88|207538574.88|.00|207538574.88|207538575.00|.00|207538575.00|-.12
BYM/03/26/00169|42235182.99|42235182.99|.00|42235182.99|42235183.00|.00|42235183.00|-.01
BYM/03/26/00178|56512479.35|56512479.00|.35|56512479.35|56512479.00|.00|56512479.00|.35
BYM/03/26/00179|59190412.89|59190412.89|.00|59190412.89|59190413.00|.00|59190413.00|-.11
BYM/03/26/00180|87723593.34|87723593.34|.00|87723593.34|87723594.00|.00|87723594.00|-.66
BYM/03/26/00184|68082749.63|68082749.63|.00|68082749.63|68082750.00|.00|68082750.00|-.37
BYM/03/26/00185|44668670.48|44668670.00|.48|44668670.48|44668670.00|.00|44668670.00|.48
BYM/03/26/00186|221734126.74|221734126.74|.00|221734126.74|221734127.00|.00|221734127.00|-.26
BYM/03/26/00191|189497838.56|189497838.56|.00|189497838.56|189497839.00|.00|189497839.00|-.44
BYM/03/26/00228|398409314.89|398409314.89|.00|398409314.89|398409315.00|.00|398409315.00|-.11
BYM/03/26/00229|53853668.05|53853668.05|.00|53853668.05|53853669.00|.00|53853669.00|-.95
BYM/03/26/00230|114886972.41|114886972.41|.00|114886972.41|114886973.00|.00|114886973.00|-.59
BYM/03/26/00249|85837069.57|85837069.57|.00|85837069.57|85837070.00|.00|85837070.00|-.43
BYM/03/26/00250|179466324.45|179466324.45|.00|179466324.45|179466325.00|.00|179466325.00|-.55
BYM/03/26/00251|20336577.80|20336577.80|.00|20336577.80|20336578.00|.00|20336578.00|-.20
BYM/03/26/00252|112611976.40|112611976.00|.40|112611976.40|112611976.00|.00|112611976.00|.40
BYM/03/26/00266|131911235.11|131911235.00|.11|131911235.11|131911235.00|.00|131911235.00|.11
BYM/03/26/00267|94968925.66|94968925.66|.00|94968925.66|94968926.00|.00|94968926.00|-.34
BYM/03/26/00268|209145998.57|209145998.57|.00|209145998.57|209145999.00|.00|209145999.00|-.43
BYM/03/26/00283|320169058.09|320169058.00|.09|320169058.09|320169058.00|.00|320169058.00|.09
BYM/03/26/00319|266505449.77|266505449.77|.00|266505449.77|266505450.00|.00|266505450.00|-.23
BYM/03/26/00320|64132551.91|64132551.91|.00|64132551.91|64132552.00|.00|64132552.00|-.09
BYM/04/26/00008|80220566.58|80220566.58|.00|80220566.58|80220567.00|.00|80220567.00|-.42
BYM/04/26/00028|55489492.57|55489492.57|.00|55489492.57|55489493.00|.00|55489493.00|-.43
BYM/04/26/00029|124921686.33|124921686.33|.00|124921686.33|124921687.00|.00|124921687.00|-.67
BYM/04/26/00030|53068312.22|53068312.00|.22|53068312.22|53068312.00|.00|53068312.00|.22
BYM/04/26/00048|85422530.06|85422530.00|.06|85422530.06|85422530.00|.00|85422530.00|.06
BYM/04/26/00068|54919658.64|54919658.64|.00|54919658.64|54919659.00|.00|54919659.00|-.36
BYM/04/26/00084|91879082.68|91879082.68|.00|91879082.68|91879083.00|.00|91879083.00|-.32
BYM/04/26/00099|23941098.16|23941098.00|.16|23941098.16|23941098.00|.00|23941098.00|.16
BYM/04/26/00106|124820964.87|124820964.87|.00|124820964.87|124820965.00|.00|124820965.00|-.13
BYM/04/26/00115|109977177.80|109977177.80|.00|109977177.80|109977178.00|.00|109977178.00|-.20
BYM/04/26/00128|71987901.75|71987901.75|.00|71987901.75|71987902.00|.00|71987902.00|-.25
BYM/04/26/00138|72355242.40|72355242.00|.40|72355242.40|72355242.00|.00|72355242.00|.40
BYM/04/26/00139|79960596.10|79960596.00|.10|79960596.10|79960596.00|.00|79960596.00|.10
BYM/04/26/00156|57220107.70|57220107.70|.00|57220107.70|57220108.00|.00|57220108.00|-.30
BYM/04/26/00174|244078676.49|244078676.00|.49|244078676.49|244078676.00|.00|244078676.00|.49
BYM/04/26/00175|41773930.80|41773930.80|.00|41773930.80|41773931.00|.00|41773931.00|-.20
BYM/04/26/00177|151735903.90|151735903.90|.00|151735903.90|151735904.00|.00|151735904.00|-.10
BYM/04/26/00178|64130582.60|64130582.60|.00|64130582.60|64130583.00|.00|64130583.00|-.40
BYM/04/26/00191|46155395.65|46155395.65|.00|46155395.65|46155396.00|.00|46155396.00|-.35
BYM/04/26/00192|164493007.35|164493007.00|.35|164493007.35|164493007.00|.00|164493007.00|.35
BYM/04/26/00193|24982106.10|24982106.00|.10|24982106.10|24982106.00|.00|24982106.00|.10
BYM/04/26/00208|68054659.40|68054659.00|.40|68054659.40|68054659.00|.00|68054659.00|.40
BYM/04/26/00225|233227727.95|233227727.95|.00|233227727.95|233227728.00|.00|233227728.00|-.05
BYM/04/26/00227|37900872.80|37900872.80|.00|37900872.80|37900873.00|.00|37900873.00|-.20
BYM/04/26/00244|90626953.18|90626953.00|.18|90626953.18|90626953.00|.00|90626953.00|.18
BYM/04/26/00245|76142062.85|76142062.85|.00|76142062.85|76142063.00|.00|76142063.00|-.15
BYM/04/26/00262|78823222.80|78823222.80|.00|78823222.80|78823223.00|.00|78823223.00|-.20
BYM/04/26/00263|268517826.85|268517826.85|.00|268517826.85|268517827.00|.00|268517827.00|-.15
BYM/04/26/00264|67008698.05|67008698.05|.00|67008698.05|67008699.00|.00|67008699.00|-.95
BYM/04/26/00265|38739414.70|38739414.70|.00|38739414.70|38739415.00|.00|38739415.00|-.30
BYM/04/26/00274|175842198.70|175842198.70|.00|175842198.70|175842199.00|.00|175842199.00|-.30
BYM/04/26/00275|24680849.20|24680849.00|.20|24680849.20|24680849.00|.00|24680849.00|.20
BYM/04/26/00276|213923830.05|213923830.00|.05|213923830.05|213923830.00|.00|213923830.00|.05
BYM/04/26/00284|57717864.40|57717864.00|.40|57717864.40|57717864.00|.00|57717864.00|.40
BYM/04/26/00302|87491107.20|87491107.00|.20|87491107.20|87491107.00|.00|87491107.00|.20
BYM/04/26/00303|44576404.95|44576404.95|.00|44576404.95|44576405.00|.00|44576405.00|-.05
BYM/04/26/00304|73569225.40|73569225.00|.40|73569225.40|73569225.00|.00|73569225.00|.40
BYM/04/26/00315|63132474.65|63132474.65|.00|63132474.65|63132475.00|.00|63132475.00|-.35
BYM/04/26/00341|34212640.35|34212640.35|.00|34212640.35|34212641.00|.00|34212641.00|-.65
BYM/04/26/00347|63895421.80|63895421.80|.00|63895421.80|63895422.00|.00|63895422.00|-.20
BYM/04/26/00354|242740879.09|242740879.00|.09|242740879.09|242740879.00|.00|242740879.00|.09
BYM/04/26/00355|74383607.20|74383607.00|.20|74383607.20|74383607.00|.00|74383607.00|.20
BYM/04/26/00357|69185839.10|69185839.00|.10|69185839.10|69185839.00|.00|69185839.00|.10
BYM/10/25/00017|241167769.16|241167769.00|.16|241167769.16|241167769.00|.00|241167769.00|.16
BYM/10/25/00038|108388774.20|108388774.00|.20|108388774.20|108388774.00|.00|108388774.00|.20
BYM/11/25/00005|31862284.30|31862284.00|.30|31862284.30|31862284.00|.00|31862284.00|.30
BYM/11/25/00012|250813269.35|250813269.00|.35|250813269.35|250813269.00|.00|250813269.00|.35
BYM/11/25/00093|245372154.10|245372154.00|.10|245372154.10|245372154.00|.00|245372154.00|.10
BYM/11/25/00125|175171697.40|175171697.00|.40|175171697.40|175171697.00|.00|175171697.00|.40
BYM/11/25/00129|252135027.31|252135027.00|.31|252135027.31|252135027.00|.00|252135027.00|.31
BYM/11/25/00201|30829844.50|30829844.00|.50|30829844.50|30829844.00|.00|30829844.00|.50
BYM/11/25/00202|173096294.38|173096294.00|.38|173096294.38|173096294.00|.00|173096294.00|.38
BYM/12/25/00040|144735004.40|144735004.00|.40|144735004.40|144735004.00|.00|144735004.00|.40
BYM/12/25/00047|134469651.40|134469651.00|.40|134469651.40|134469651.00|.00|134469651.00|.40
BYM/12/25/00075|107493441.30|107493441.00|.30|107493441.30|107493441.00|.00|107493441.00|.30
BYM/12/25/00105|91997435.33|91997435.00|.33|91997435.33|91997435.00|.00|91997435.00|.33
BYM/12/25/00111|174409304.44|174409304.00|.44|174409304.44|174409304.00|.00|174409304.00|.44
BYM/12/25/00164|56788735.22|56788735.00|.22|56788735.22|56788735.00|.00|56788735.00|.22
BYM/12/25/00182|87066216.44|87066216.00|.44|87066216.44|87066216.00|.00|87066216.00|.44
BYM/12/25/00235|52721634.28|52721634.00|.28|52721634.28|52721634.00|.00|52721634.00|.28
