bym|tagihan|transfer|pemb|HR_credit|GL_main|GL_96010|GL_total|beda
BYM/01/26/00023|103137874.23|103137874.00|.23|103137874.23|103137874.00|.00|103137874.00|.23
BYM/01/26/00325|113752461.20|113752461.00|.20|113752461.20|113752461.00|.00|113752461.00|.20
BYM/01/26/00326|187332611.10|187332611.00|.10|187332611.10|187332611.00|.00|187332611.00|.10
BYM/02/26/00010|110635622.10|110635622.00|.10|110635622.10|110635622.00|.00|110635622.00|.10
BYM/02/26/00035|116419286.20|116419286.00|.20|116419286.20|116419286.00|.00|116419286.00|.20
BYM/02/26/00067|32161865.40|32161865.00|.40|32161865.40|32161865.00|.00|32161865.00|.40
BYM/02/26/00090|54966384.06|54966384.00|.06|54966384.06|54966384.00|.00|54966384.00|.06
BYM/02/26/00128|32085473.55|32085473.00|.55|32085473.55|32085473.00|.00|32085473.00|.55
BYM/02/26/00129|69728887.48|69728887.00|.48|69728887.48|69728887.00|.00|69728887.00|.48
BYM/02/26/00184|98477139.46|98477139.00|.46|98477139.46|98477139.00|.00|98477139.00|.46
BYM/02/26/00219|89359045.02|89359045.00|.02|89359045.02|89359045.00|.00|89359045.00|.02
BYM/03/26/00017|61066010.88|61066010.88|.00|61066010.88|61066011.00|.00|61066011.00|-.12
BYM/03/26/00020|16237213.30|16237213.00|.30|16237213.30|16237213.00|.00|16237213.00|.30
BYM/03/26/00023|97707784.61|97707784.61|.00|97707784.61|97707785.00|.00|97707785.00|-.39
BYM/03/26/00069|38346176.47|38346176.47|.00|38346176.47|38346177.00|.00|38346177.00|-.53
BYM/03/26/00070|172466767.55|172466767.55|.00|172466767.55|172466768.00|.00|172466768.00|-.45
BYM/03/26/00087|90781982.14|90781982.00|.14|90781982.14|90781982.00|.00|90781982.00|.14
BYM/03/26/00112|62933389.61|62933389.61|.00|62933389.61|62933390.00|.00|62933390.00|-.39
BYM/03/26/00133|94484958.05|94484958.05|.00|94484958.05|94484959.00|.00|94484959.00|-.95
BYM/03/26/00140|30078485.85|30078485.85|.00|30078485.85|30078486.00|.00|30078486.00|-.15
BYM/03/26/00141|101343147.99|101343147.99|.00|101343147.99|101343148.00|.00|101343148.00|-.01
BYM/03/26/00142|127928763.41|127928763.00|.41|127928763.41|127928763.00|.00|127928763.00|.41
BYM/03/26/00166|37795951.06|37795951.00|.06|37795951.06|37795951.00|.00|37795951.00|.06
BYM/03/26/00181|187127549.91|187127549.91|.00|187127549.91|187127550.00|.00|187127550.00|-.09
BYM/03/26/00203|28941256.49|28941256.00|.49|28941256.49|28941256.00|.00|28941256.00|.49
BYM/03/26/00204|197046783.04|197046783.00|.04|197046783.04|197046783.00|.00|197046783.00|.04
BYM/03/26/00227|213191772.44|213191772.44|.00|213191772.44|213191773.00|.00|213191773.00|-.56
BYM/03/26/00244|121595566.82|121595566.82|.00|121595566.82|121595567.00|.00|121595567.00|-.18
BYM/03/26/00270|147743202.60|147743202.60|.00|147743202.60|147743203.00|.00|147743203.00|-.40
BYM/03/26/00273|149091483.66|149091483.66|.00|149091483.66|149091484.00|.00|149091484.00|-.34
BYM/03/26/00275|166328319.50|166328319.00|.50|166328319.50|166328319.00|.00|166328319.00|.50
BYM/03/26/00306|112723176.38|112723176.38|.00|112723176.38|112723177.00|.00|112723177.00|-.62
BYM/03/26/00327|49528492.57|49528492.00|.57|49528492.57|49528492.00|.00|49528492.00|.57
BYM/03/26/00343|110347833.40|110347833.00|.40|110347833.40|110347833.00|.00|110347833.00|.40
BYM/04/26/00001|28256313.05|28256313.05|.00|28256313.05|28256314.00|.00|28256314.00|-.95
BYM/04/26/00002|134661745.98|134661745.98|.00|134661745.98|134661746.00|.00|134661746.00|-.02
BYM/04/26/00026|8721172.02|8721172.00|.02|8721172.02|8721172.00|.00|8721172.00|.02
BYM/04/26/00027|50836667.98|50836667.98|.00|50836667.98|50836668.00|.00|50836668.00|-.02
BYM/04/26/00082|54136400.29|54136400.00|.29|54136400.29|54136400.00|.00|54136400.00|.29
BYM/04/26/00096|172029045.65|172029045.65|.00|172029045.65|172029046.00|.00|172029046.00|-.35
BYM/04/26/00112|44392211.50|44392211.00|.50|44392211.50|44392211.00|.00|44392211.00|.50
BYM/04/26/00131|40982561.20|40982561.00|.20|40982561.20|40982561.00|.00|40982561.00|.20
BYM/04/26/00141|65898681.45|65898681.45|.00|65898681.45|65898682.00|.00|65898682.00|-.55
BYM/04/26/00142|44776533.20|44776533.00|.20|44776533.20|44776533.00|.00|44776533.00|.20
BYM/04/26/00143|35230122.90|35230122.90|.00|35230122.90|35230123.00|.00|35230123.00|-.10
BYM/04/26/00144|111847892.45|111847892.45|.00|111847892.45|111847893.00|.00|111847893.00|-.55
BYM/04/26/00211|51998137.83|51998137.83|.00|51998137.83|51998138.00|.00|51998138.00|-.17
BYM/04/26/00224|66362025.45|66362025.45|.00|66362025.45|66362026.00|.00|66362026.00|-.55
BYM/04/26/00240|142503257.75|142503257.75|.00|142503257.75|142503258.00|.00|142503258.00|-.25
BYM/04/26/00311|118632342.58|118632342.58|.00|118632342.58|118632343.00|.00|118632343.00|-.42
BYM/04/26/00327|158944796.15|158944796.15|.00|158944796.15|158944797.00|.00|158944797.00|-.85
BYM/11/25/00152|190483984.05|190483984.00|.05|190483984.05|190483984.00|.00|190483984.00|.05
BYM/11/25/00196|175179600.50|175179600.00|.50|175179600.50|175179600.00|.00|175179600.00|.50
BYM/11/25/00214|90625518.39|90625518.00|.39|90625518.39|90625518.00|.00|90625518.00|.39
BYM/11/25/00234|130477897.18|130477897.00|.18|130477897.18|130477897.00|.00|130477897.00|.18
BYM/12/25/00055|132628783.14|132628783.00|.14|132628783.14|132628783.00|.00|132628783.00|.14
BYM/12/25/00205|125185481.23|125185481.00|.23|125185481.23|125185481.00|.00|125185481.00|.23
BYM/12/25/00226|64772102.05|64772102.00|.05|64772102.05|64772102.00|.00|64772102.00|.05
BYM/12/25/00288|32787787.25|32787787.00|.25|32787787.25|32787787.00|.00|32787787.00|.25
BYM/12/25/00327|164906489.18|164906489.00|.18|164906489.18|164906489.00|.00|164906489.00|.18
