bym|tagihan|transfer|pemb|HR_credit|GL_main|GL_96010|GL_total|beda
BYM/01/26/00017|66623722.20|66623722.00|.20|66623722.20|66623722.00|.00|66623722.00|.20
BYM/01/26/00024|158196490.20|158196490.00|.20|158196490.20|158196490.00|.00|158196490.00|.20
BYM/01/26/00059|139031260.45|139031260.00|.45|139031260.45|139031260.00|.00|139031260.00|.45
BYM/01/26/00111|171811860.50|171811860.00|.50|171811860.50|171811860.00|.00|171811860.00|.50
BYM/01/26/00128|57397845.40|57397845.00|.40|57397845.40|57397845.00|.00|57397845.00|.40
BYM/01/26/00161|18251652.30|18251652.00|.30|18251652.30|18251652.00|.00|18251652.00|.30
BYM/01/26/00201|14370078.10|14370078.00|.10|14370078.10|14370078.00|.00|14370078.00|.10
BYM/01/26/00209|93436634.18|93436634.00|.18|93436634.18|93436634.00|.00|93436634.00|.18
BYM/01/26/00265|167732218.50|167732218.00|.50|167732218.50|167732218.00|.00|167732218.00|.50
BYM/01/26/00279|82646972.10|82646972.00|.10|82646972.10|82646972.00|.00|82646972.00|.10
BYM/01/26/00281|132667490.20|132667490.00|.20|132667490.20|132667490.00|.00|132667490.00|.20
BYM/01/26/00297|115717611.10|115717611.00|.10|115717611.10|115717611.00|.00|115717611.00|.10
BYM/01/26/00337|123179037.10|123179037.00|.10|123179037.10|123179037.00|.00|123179037.00|.10
BYM/01/26/00338|49660696.40|49660696.00|.40|49660696.40|49660696.00|.00|49660696.00|.40
BYM/02/26/00113|193931436.17|193931436.00|.17|193931436.17|193931436.00|.00|193931436.00|.17
BYM/02/26/00120|97688198.30|97688198.00|.30|97688198.30|97688198.00|.00|97688198.00|.30
BYM/02/26/00204|61594746.36|61594746.00|.36|61594746.36|61594746.00|.00|61594746.00|.36
BYM/02/26/00205|82322313.04|82322313.00|.04|82322313.04|82322313.00|.00|82322313.00|.04
BYM/02/26/00215|75655409.06|75655409.00|.06|75655409.06|75655409.00|.00|75655409.00|.06
BYM/02/26/00286|91276397.02|91276397.00|.02|91276397.02|91276397.00|.00|91276397.00|.02
BYM/03/26/00008|138641500.50|138641500.50|.00|138641500.50|138641501.00|.00|138641501.00|-.50
BYM/03/26/00009|113842502.62|113842502.62|.00|113842502.62|113842503.00|.00|113842503.00|-.38
BYM/03/26/00014|19145922.88|19145922.88|.00|19145922.88|19145923.00|.00|19145923.00|-.12
BYM/03/26/00019|153423697.14|153423697.00|.14|153423697.14|153423697.00|.00|153423697.00|.14
BYM/03/26/00025|21063778.72|21063778.72|.00|21063778.72|21063779.00|.00|21063779.00|-.28
BYM/03/26/00029|14801686.76|14801686.76|.00|14801686.76|14801687.00|.00|14801687.00|-.24
BYM/03/26/00033|16718110.57|16718110.57|.00|16718110.57|16718111.00|.00|16718111.00|-.43
BYM/03/26/00034|18723126.87|18723126.87|.00|18723126.87|18723127.00|.00|18723127.00|-.13
BYM/03/26/00054|79333785.26|79333785.26|.00|79333785.26|79333786.00|.00|79333786.00|-.74
BYM/03/26/00073|12735807.07|12735807.07|.00|12735807.07|12735808.00|.00|12735808.00|-.93
BYM/03/26/00088|24199270.83|24199270.83|.00|24199270.83|24199271.00|.00|24199271.00|-.17
BYM/03/26/00089|34802497.94|34802497.94|.00|34802497.94|34802498.00|.00|34802498.00|-.06
BYM/03/26/00102|28085793.05|28085793.05|.00|28085793.05|28085794.00|.00|28085794.00|-.95
BYM/03/26/00106|31547795.37|31547795.00|.37|31547795.37|31547795.00|.00|31547795.00|.37
BYM/03/26/00124|20793454.29|20793454.29|.00|20793454.29|20793455.00|.00|20793455.00|-.71
BYM/03/26/00168|104553091.44|104553091.00|.44|104553091.44|104553091.00|.00|104553091.00|.44
BYM/03/26/00172|84943957.35|84943957.35|.00|84943957.35|84943958.00|.00|84943958.00|-.65
BYM/03/26/00183|61452805.61|61452805.61|.00|61452805.61|61452806.00|.00|61452806.00|-.39
BYM/03/26/00192|34570020.75|34570020.00|.75|34570020.75|34570020.00|.00|34570020.00|.75
BYM/03/26/00193|163980004.79|163980004.79|.00|163980004.79|163980005.00|.00|163980005.00|-.21
BYM/03/26/00194|81063684.10|81063684.00|.10|81063684.10|81063684.00|.00|81063684.00|.10
BYM/03/26/00211|41715399.32|41715399.00|.32|41715399.32|41715399.00|.00|41715399.00|.32
BYM/03/26/00217|78068352.32|78068352.00|.32|78068352.32|78068352.00|.00|78068352.00|.32
BYM/03/26/00247|58910073.48|58910073.00|.48|58910073.48|58910073.00|.00|58910073.00|.48
BYM/03/26/00248|130293670.01|130293670.01|.00|130293670.01|130293671.00|.00|130293671.00|-.99
BYM/03/26/00265|75358199.56|75358199.56|.00|75358199.56|75358200.00|.00|75358200.00|-.44
BYM/03/26/00288|50229266.43|50229266.43|.00|50229266.43|50229267.00|.00|50229267.00|-.57
BYM/03/26/00289|109864503.77|109864503.77|.00|109864503.77|109864504.00|.00|109864504.00|-.23
BYM/03/26/00290|181324966.12|181324966.00|.12|181324966.12|181324966.00|.00|181324966.00|.12
BYM/03/26/00292|44693110.70|44693110.70|.00|44693110.70|44693111.00|.00|44693111.00|-.30
BYM/03/26/00293|35941795.47|35941795.47|.00|35941795.47|35941796.00|.00|35941796.00|-.53
BYM/03/26/00303|24817133.39|24817133.39|.00|24817133.39|24817134.00|.00|24817134.00|-.61
BYM/03/26/00349|25859240.40|25859240.00|.40|25859240.40|25859240.00|.00|25859240.00|.40
BYM/04/26/00006|93135758.73|93135758.73|.00|93135758.73|93135759.00|.00|93135759.00|-.27
BYM/04/26/00020|107260505.59|107260505.59|.00|107260505.59|107260506.00|.00|107260506.00|-.41
BYM/04/26/00021|182960384.58|182960384.58|.00|182960384.58|182960385.00|.00|182960385.00|-.42
BYM/04/26/00087|80270501.50|80270501.00|.50|80270501.50|80270501.00|.00|80270501.00|.50
BYM/04/26/00088|216335928.55|216335928.55|.00|216335928.55|216335929.00|.00|216335929.00|-.45
BYM/04/26/00097|265652124.70|265652124.70|.00|265652124.70|265652125.00|.00|265652125.00|-.30
BYM/04/26/00101|137150031.36|137150031.36|.00|137150031.36|137150032.00|.00|137150032.00|-.64
BYM/04/26/00114|93218869.10|93218869.00|.10|93218869.10|93218869.00|.00|93218869.00|.10
BYM/04/26/00118|18175013.85|18175013.85|.00|18175013.85|18175014.00|.00|18175014.00|-.15
BYM/04/26/00152|78318390.25|78318390.00|.25|78318390.25|78318390.00|.00|78318390.00|.25
BYM/04/26/00153|285063248.86|285063248.86|.00|285063248.86|285063249.00|.00|285063249.00|-.14
BYM/04/26/00164|30438204.20|30438204.00|.20|30438204.20|30438204.00|.00|30438204.00|.20
BYM/04/26/00189|77619677.45|77619677.00|.45|77619677.45|77619677.00|.00|77619677.00|.45
BYM/04/26/00190|57374188.20|57374188.00|.20|57374188.20|57374188.00|.00|57374188.00|.20
BYM/04/26/00194|106116971.39|106116971.39|.00|106116971.39|106116972.00|.00|106116972.00|-.61
BYM/04/26/00229|51718419.55|51718419.55|.00|51718419.55|51718420.00|.00|51718420.00|-.45
BYM/04/26/00247|94151023.05|94151023.05|.00|94151023.05|94151024.00|.00|94151024.00|-.95
BYM/04/26/00248|20779704.40|20779704.00|.40|20779704.40|20779704.00|.00|20779704.00|.40
BYM/04/26/00279|20311756.85|20311756.85|.00|20311756.85|20311757.00|.00|20311757.00|-.15
BYM/04/26/00280|36888841.50|36888841.00|.50|36888841.50|36888841.00|.00|36888841.00|.50
BYM/04/26/00286|86042645.15|86042645.15|.00|86042645.15|86042646.00|.00|86042646.00|-.85
BYM/04/26/00287|15603170.45|15603170.45|.00|15603170.45|15603171.00|.00|15603171.00|-.55
BYM/04/26/00294|12265412.76|12265412.76|.00|12265412.76|12265413.00|.00|12265413.00|-.24
BYM/04/26/00295|9467505.60|9467505.60|.00|9467505.60|9467506.00|.00|9467506.00|-.40
BYM/04/26/00296|10038323.75|10038323.75|.00|10038323.75|10038324.00|.00|10038324.00|-.25
BYM/04/26/00310|28661398.50|28661398.00|.50|28661398.50|28661398.00|.00|28661398.00|.50
BYM/04/26/00343|84939280.30|84939280.00|.30|84939280.30|84939280.00|.00|84939280.00|.30
BYM/04/26/00344|18359491.50|18359491.00|.50|18359491.50|18359491.00|.00|18359491.00|.50
BYM/04/26/00345|57408520.05|57408520.05|.00|57408520.05|57408521.00|.00|57408521.00|-.95
BYM/04/26/00346|89526907.75|89526907.75|.00|89526907.75|89526908.00|.00|89526908.00|-.25
BYM/06/26/00027|137066879.21|137066879.21|.00|137066879.21|274133758.42|-.79|274133757.63|-137066878.42
BYM/11/25/00045|77134917.35|77134917.00|.35|77134917.35|77134917.00|.00|77134917.00|.35
BYM/11/25/00067|24663650.20|24663650.00|.20|24663650.20|24663650.00|.00|24663650.00|.20
BYM/11/25/00127|25228669.20|25228669.00|.20|25228669.20|25228669.00|.00|25228669.00|.20
BYM/11/25/00209|29012836.30|29012836.00|.30|29012836.30|29012836.00|.00|29012836.00|.30
BYM/11/25/00212|14527527.35|14527527.00|.35|14527527.35|14527527.00|.00|14527527.00|.35
BYM/11/25/00232|17207257.48|17207257.00|.48|17207257.48|17207257.00|.00|17207257.00|.48
BYM/12/25/00013|26658588.18|26658588.00|.18|26658588.18|26658588.00|.00|26658588.00|.18
BYM/12/25/00022|19824258.30|19824258.00|.30|19824258.30|19824258.00|.00|19824258.00|.30
BYM/12/25/00042|20890454.20|20890454.00|.20|20890454.20|20890454.00|.00|20890454.00|.20
BYM/12/25/00088|64632993.32|64632993.00|.32|64632993.32|64632993.00|.00|64632993.00|.32
BYM/12/25/00089|80437415.10|80437415.00|.10|80437415.10|80437415.00|.00|80437415.00|.10
BYM/12/25/00115|42852039.12|42852039.00|.12|42852039.12|42852039.00|.00|42852039.00|.12
BYM/12/25/00161|33441500.40|33441500.00|.40|33441500.40|33441500.00|.00|33441500.00|.40
BYM/12/25/00298|45365224.05|45365224.00|.05|45365224.05|45365224.00|.00|45365224.00|.05
