bym|tagihan|transfer|pemb|HR_credit|GL_main|GL_96010|GL_total|beda
BYM/01/26/00015|170068363.21|170068363.00|.21|170068363.21|170068363.00|.00|170068363.00|.21
BYM/01/26/00073|189723917.57|189723917.00|.57|189723917.57|189723917.00|.00|189723917.00|.57
BYM/01/26/00089|114447918.20|114447918.00|.20|114447918.20|114447918.00|.00|114447918.00|.20
BYM/01/26/00117|97421236.50|97421236.00|.50|97421236.50|97421236.00|.00|97421236.00|.50
BYM/01/26/00145|132080607.40|132080607.00|.40|132080607.40|132080607.00|.00|132080607.00|.40
BYM/01/26/00162|250212421.15|250212421.00|.15|250212421.15|250212421.00|.00|250212421.00|.15
BYM/01/26/00164|46476980.20|46476980.00|.20|46476980.20|46476980.00|.00|46476980.00|.20
BYM/01/26/00217|75123840.40|75123840.00|.40|75123840.40|75123840.00|.00|75123840.00|.40
BYM/01/26/00229|76524231.13|76524231.00|.13|76524231.13|76524231.00|.00|76524231.00|.13
BYM/01/26/00252|87365554.50|87365554.00|.50|87365554.50|87365554.00|.00|87365554.00|.50
BYM/01/26/00253|274763526.10|274763526.00|.10|274763526.10|274763526.00|.00|274763526.00|.10
BYM/01/26/00308|56915592.30|56915592.00|.30|56915592.30|56915592.00|.00|56915592.00|.30
BYM/02/26/00024|47020777.30|47020777.00|.30|47020777.30|47020777.00|.00|47020777.00|.30
BYM/02/26/00042|90294872.50|90294872.00|.50|90294872.50|90294872.00|.00|90294872.00|.50
BYM/02/26/00078|65174062.10|65174062.00|.10|65174062.10|65174062.00|.00|65174062.00|.10
BYM/02/26/00079|63728395.50|63728395.00|.50|63728395.50|63728395.00|.00|63728395.00|.50
BYM/02/26/00081|74623268.16|74623268.00|.16|74623268.16|74623268.00|.00|74623268.00|.16
BYM/02/26/00104|51173732.12|51173732.00|.12|51173732.12|51173732.00|.00|51173732.00|.12
BYM/02/26/00105|57833360.34|57833360.00|.34|57833360.34|57833360.00|.00|57833360.00|.34
BYM/02/26/00127|57383049.24|57383049.00|.24|57383049.24|57383049.00|.00|57383049.00|.24
BYM/02/26/00145|46950415.26|46950415.00|.26|46950415.26|46950415.00|.00|46950415.00|.26
BYM/02/26/00185|97401454.22|97401454.00|.22|97401454.22|97401454.00|.00|97401454.00|.22
BYM/02/26/00236|77072625.65|77072625.00|.65|77072625.65|77072625.00|.00|77072625.00|.65
BYM/02/26/00239|112097774.45|112097774.00|.45|112097774.45|112097774.00|.00|112097774.00|.45
BYM/02/26/00255|113332341.45|113332341.00|.45|113332341.45|113332341.00|.00|113332341.00|.45
BYM/02/26/00259|132957389.03|132957389.00|.03|132957389.03|132957389.00|.00|132957389.00|.03
BYM/02/26/00311|51656819.08|51656819.00|.08|51656819.08|51656819.00|.00|51656819.00|.08
BYM/03/26/00012|65510806.27|65510806.27|.00|65510806.27|65510807.00|.00|65510807.00|-.73
BYM/03/26/00013|214021626.70|214021626.70|.00|214021626.70|214021627.00|.00|214021627.00|-.30
BYM/03/26/00035|205239213.01|205239213.00|.01|205239213.01|205239213.00|.00|205239213.00|.01
BYM/03/26/00036|125296708.32|125296708.00|.32|125296708.32|125296708.00|.00|125296708.00|.32
BYM/03/26/00037|40473250.43|40473250.00|.43|40473250.43|40473250.00|.00|40473250.00|.43
BYM/03/26/00056|171980201.47|171980201.00|.47|171980201.47|171980201.00|.00|171980201.00|.47
BYM/03/26/00057|58880210.06|58880210.00|.06|58880210.06|58880210.00|.00|58880210.00|.06
BYM/03/26/00065|64384422.69|64384422.69|.00|64384422.69|64384423.00|.00|64384423.00|-.31
BYM/03/26/00066|32770097.01|32770097.01|.00|32770097.01|32770098.00|.00|32770098.00|-.99
BYM/03/26/00081|97292104.35|97272105.00|.00|97272105.00|194564210.00|.00|194564210.00|-97292105.00
BYM/03/26/00081|97292104.35|97292104.35|.00|97292104.35|194564210.00|.00|194564210.00|-97272105.65
BYM/03/26/00090|62480132.63|62480132.00|.63|62480132.63|62480132.00|.00|62480132.00|.63
BYM/03/26/00125|67830105.63|67830105.63|.00|67830105.63|67830106.00|.00|67830106.00|-.37
BYM/03/26/00126|82677326.05|82677326.00|.05|82677326.05|82677326.00|.00|82677326.00|.05
BYM/03/26/00127|68147649.03|68147649.00|.03|68147649.03|68147649.00|.00|68147649.00|.03
BYM/03/26/00128|88289856.94|88289856.94|.00|88289856.94|88289857.00|.00|88289857.00|-.06
BYM/03/26/00135|73110168.01|73110168.00|.01|73110168.01|73110168.00|.00|73110168.00|.01
BYM/03/26/00136|49723622.45|49723622.00|.45|49723622.45|49723622.00|.00|49723622.00|.45
BYM/03/26/00146|152209803.61|152209803.00|.61|152209803.61|152209803.00|.00|152209803.00|.61
BYM/03/26/00147|79404282.44|79404282.00|.44|79404282.44|79404282.00|.00|79404282.00|.44
BYM/03/26/00148|52960949.30|52960949.00|.30|52960949.30|52960949.00|.00|52960949.00|.30
BYM/03/26/00159|90551794.20|90551794.00|.20|90551794.20|90551794.00|.00|90551794.00|.20
BYM/03/26/00160|46828221.02|46828221.00|.02|46828221.02|46828221.00|.00|46828221.00|.02
BYM/03/26/00161|50384899.74|50384899.74|.00|50384899.74|50384900.00|.00|50384900.00|-.26
BYM/03/26/00170|66464149.78|66464149.78|.00|66464149.78|66464150.00|.00|66464150.00|-.22
BYM/03/26/00171|303675629.31|303675629.31|.00|303675629.31|303675630.00|.00|303675630.00|-.69
BYM/03/26/00202|57028867.07|57028867.07|.00|57028867.07|57028868.00|.00|57028868.00|-.93
BYM/03/26/00212|93407077.20|93407077.00|.20|93407077.20|93407077.00|.00|93407077.00|.20
BYM/03/26/00215|101991245.18|101991245.00|.18|101991245.18|101991245.00|.00|101991245.00|.18
BYM/03/26/00226|55407867.45|55407867.00|.45|55407867.45|55407867.00|.00|55407867.00|.45
BYM/03/26/00231|44610972.49|44610972.49|.00|44610972.49|44610973.00|.00|44610973.00|-.51
BYM/03/26/00245|125653487.61|125653487.61|.00|125653487.61|125653488.00|.00|125653488.00|-.39
BYM/03/26/00246|40641115.48|40641115.00|.48|40641115.48|40641115.00|.00|40641115.00|.48
BYM/03/26/00274|120034448.26|120034448.00|.26|120034448.26|120034448.00|.00|120034448.00|.26
BYM/03/26/00277|124474443.73|124474443.73|.00|124474443.73|124474444.00|.00|124474444.00|-.27
BYM/03/26/00278|34199404.96|34199404.96|.00|34199404.96|34199405.00|.00|34199405.00|-.04
BYM/03/26/00279|203800517.03|203800517.00|.03|203800517.03|203800517.00|.00|203800517.00|.03
BYM/03/26/00280|60027551.56|60027551.56|.00|60027551.56|60027552.00|.00|60027552.00|-.44
BYM/03/26/00291|134339330.02|134339330.00|.02|134339330.02|134339330.00|.00|134339330.00|.02
BYM/03/26/00294|198884909.67|198884909.00|.67|198884909.67|198884909.00|.00|198884909.00|.67
BYM/03/26/00295|150201326.31|150201326.31|.00|150201326.31|150201327.00|.00|150201327.00|-.69
BYM/03/26/00301|158548536.22|158548536.22|.00|158548536.22|158548537.00|.00|158548537.00|-.78
BYM/04/26/00013|116250878.84|116250878.84|.00|116250878.84|116250879.00|.00|116250879.00|-.16
BYM/04/26/00032|233866157.28|233866157.00|.28|233866157.28|233866157.00|.00|233866157.00|.28
BYM/04/26/00033|106530685.87|106530685.87|.00|106530685.87|106530686.00|.00|106530686.00|-.13
BYM/04/26/00085|120073594.85|120073594.00|.85|120073594.85|120073594.00|.00|120073594.00|.85
BYM/04/26/00104|20312023.90|20312023.90|.00|20312023.90|20312024.00|.00|20312024.00|-.10
BYM/04/26/00105|83202521.85|83202521.85|.00|83202521.85|83202522.00|.00|83202522.00|-.15
BYM/04/26/00109|59960950.63|59960950.63|.00|59960950.63|59960951.00|.00|59960951.00|-.37
BYM/04/26/00110|54525681.37|54525681.00|.37|54525681.37|54525681.00|.00|54525681.00|.37
BYM/04/26/00126|135910231.93|135910231.93|.00|135910231.93|135910232.00|.00|135910232.00|-.07
BYM/04/26/00135|55299613.95|55299613.95|.00|55299613.95|55299614.00|.00|55299614.00|-.05
BYM/04/26/00136|158270478.73|158270478.73|.00|158270478.73|158270479.00|.00|158270479.00|-.27
BYM/04/26/00137|54117647.22|54117647.00|.22|54117647.22|54117647.00|.00|54117647.00|.22
BYM/04/26/00147|189682509.63|189682509.63|.00|189682509.63|189682510.00|.00|189682510.00|-.37
BYM/04/26/00148|93116571.80|93116571.80|.00|93116571.80|93116572.00|.00|93116572.00|-.20
BYM/04/26/00149|49738733.80|49738733.80|.00|49738733.80|49738734.00|.00|49738734.00|-.20
BYM/04/26/00169|69162696.40|69162696.00|.40|69162696.40|69162696.00|.00|69162696.00|.40
BYM/04/26/00170|58853755.45|58853755.45|.00|58853755.45|58853756.00|.00|58853756.00|-.55
BYM/04/26/00171|68612041.75|68612041.75|.00|68612041.75|68612042.00|.00|68612042.00|-.25
BYM/04/26/00172|304160896.76|304160896.76|.00|304160896.76|304160897.00|.00|304160897.00|-.24
BYM/04/26/00173|131165135.50|131165135.00|.50|131165135.50|131165135.00|.00|131165135.00|.50
BYM/04/26/00195|93708624.10|93708624.00|.10|93708624.10|93708624.00|.00|93708624.00|.10
BYM/04/26/00196|16859182.55|16859182.55|.00|16859182.55|16859183.00|.00|16859183.00|-.45
BYM/04/26/00197|157868966.85|157868966.85|.00|157868966.85|157868967.00|.00|157868967.00|-.15
BYM/04/26/00201|45945185.65|45945185.65|.00|45945185.65|45945186.00|.00|45945186.00|-.35
BYM/04/26/00202|28186571.35|28186571.35|.00|28186571.35|28186572.00|.00|28186572.00|-.65
BYM/04/26/00203|68736685.50|68736685.00|.50|68736685.50|68736685.00|.00|68736685.00|.50
BYM/04/26/00204|124712928.82|124712928.82|.00|124712928.82|124712929.00|.00|124712929.00|-.18
BYM/04/26/00214|144134166.40|144134166.00|.40|144134166.40|144134166.00|.00|144134166.00|.40
BYM/04/26/00216|60891979.05|60891979.05|.00|60891979.05|60891980.00|.00|60891980.00|-.95
BYM/04/26/00228|75453563.85|75453563.85|.00|75453563.85|75453564.00|.00|75453564.00|-.15
BYM/04/26/00238|51520515.90|51520515.90|.00|51520515.90|51520516.00|.00|51520516.00|-.10
BYM/04/26/00241|57082625.95|57082625.95|.00|57082625.95|57082626.00|.00|57082626.00|-.05
BYM/04/26/00258|58416129.10|58416129.00|.10|58416129.10|58416129.00|.00|58416129.00|.10
BYM/04/26/00259|63015379.35|63015379.35|.00|63015379.35|63015380.00|.00|63015380.00|-.65
BYM/04/26/00260|50283101.75|50283101.75|.00|50283101.75|50283102.00|.00|50283102.00|-.25
BYM/04/26/00272|108782621.50|108782621.00|.50|108782621.50|108782621.00|.00|108782621.00|.50
BYM/04/26/00273|101503820.95|101503820.95|.00|101503820.95|101503821.00|.00|101503821.00|-.05
BYM/04/26/00300|147966598.50|147966598.00|.50|147966598.50|147966598.00|.00|147966598.00|.50
BYM/04/26/00309|160766765.60|160766765.60|.00|160766765.60|160766766.00|.00|160766766.00|-.40
BYM/04/26/00324|41442298.80|41442298.80|.00|41442298.80|41442299.00|.00|41442299.00|-.20
BYM/04/26/00325|180673407.60|180673407.60|.00|180673407.60|180673408.00|.00|180673408.00|-.40
BYM/04/26/00326|28938481.25|28938481.25|.00|28938481.25|28938482.00|.00|28938482.00|-.75
BYM/04/26/00352|46751468.40|46751468.00|.40|46751468.40|46751468.00|.00|46751468.00|.40
BYM/04/26/00353|182800090.90|182800090.90|.00|182800090.90|182800091.00|.00|182800091.00|-.10
BYM/10/25/00019|156692833.08|156692833.00|.08|156692833.08|156692833.00|.00|156692833.00|.08
BYM/10/25/00025|156824894.09|156824894.00|.09|156824894.09|156824894.00|.00|156824894.00|.09
BYM/10/25/00036|83212909.61|83212909.00|.61|83212909.61|83212909.00|.00|83212909.00|.61
BYM/11/25/00001|116016835.48|116016835.00|.48|116016835.48|116016835.00|.00|116016835.00|.48
BYM/11/25/00034|41507961.25|41507961.00|.25|41507961.25|41507961.00|.00|41507961.00|.25
BYM/11/25/00071|120051068.20|120051068.00|.20|120051068.20|120051068.00|.00|120051068.00|.20
BYM/11/25/00108|58601833.43|58601833.00|.43|58601833.43|58601833.00|.00|58601833.00|.43
BYM/11/25/00116|65867985.40|65867985.00|.40|65867985.40|65867985.00|.00|65867985.00|.40
BYM/11/25/00156|66623418.40|66623418.00|.40|66623418.40|66623418.00|.00|66623418.00|.40
BYM/11/25/00189|126966825.30|126966825.00|.30|126966825.30|126966825.00|.00|126966825.00|.30
BYM/11/25/00204|44959881.40|44959881.00|.40|44959881.40|44959881.00|.00|44959881.00|.40
BYM/11/25/00222|256667365.01|256667365.00|.01|256667365.01|256667365.00|.00|256667365.00|.01
BYM/11/25/00240|100466654.12|100466654.00|.12|100466654.12|100466654.00|.00|100466654.00|.12
BYM/12/25/00015|102473338.38|102473338.00|.38|102473338.38|102473338.00|.00|102473338.00|.38
BYM/12/25/00030|83057596.02|83057596.00|.02|83057596.02|83057596.00|.00|83057596.00|.02
BYM/12/25/00140|337305703.22|337305703.00|.22|337305703.22|337305703.00|.00|337305703.00|.22
BYM/12/25/00147|152497952.39|152497952.00|.39|152497952.39|152497952.00|.00|152497952.00|.39
BYM/12/25/00177|173997467.04|173997467.00|.04|173997467.04|173997467.00|.00|173997467.00|.04
BYM/12/25/00179|119608339.12|119608339.00|.12|119608339.12|119608339.00|.00|119608339.00|.12
BYM/12/25/00180|49982136.40|49982136.00|.40|49982136.40|49982136.00|.00|49982136.00|.40
BYM/12/25/00186|101446493.65|101446493.00|.65|101446493.65|101446493.00|.00|101446493.00|.65
BYM/12/25/00187|86190597.55|86190597.00|.55|86190597.55|86190597.00|.00|86190597.00|.55
BYM/12/25/00263|107394968.04|107394968.00|.04|107394968.04|107394968.00|.00|107394968.00|.04
BYM/12/25/00267|30652465.48|30652465.00|.48|30652465.48|30652465.00|.00|30652465.00|.48
