bym|tagihan|transfer|pemb|HR_credit|GL_main|GL_96010|GL_total|beda
BYM/01/26/00011|129725324.40|129725324.00|.40|129725324.40|129725324.00|.00|129725324.00|.40
BYM/01/26/00100|27693740.48|27693740.00|.48|27693740.48|27693740.00|.00|27693740.00|.48
BYM/01/26/00146|23063692.40|23063692.00|.40|23063692.40|23063692.00|.00|23063692.00|.40
BYM/01/26/00152|14353359.30|14353359.00|.30|14353359.30|14353359.00|.00|14353359.00|.30
BYM/01/26/00247|68619139.40|68619139.00|.40|68619139.40|68619139.00|.00|68619139.00|.40
BYM/01/26/00250|29684484.20|29684484.00|.20|29684484.20|29684484.00|.00|29684484.00|.20
BYM/01/26/00315|102284344.40|102284344.00|.40|102284344.40|102284344.00|.00|102284344.00|.40
BYM/02/26/00006|17026691.50|17026691.00|.50|17026691.50|17026691.00|.00|17026691.00|.50
BYM/02/26/00076|56226258.34|56226258.00|.34|56226258.34|56226258.00|.00|56226258.00|.34
BYM/02/26/00138|80089358.30|80089358.00|.30|80089358.30|80089358.00|.00|80089358.00|.30
BYM/02/26/00143|43294230.28|43294230.00|.28|43294230.28|43294230.00|.00|43294230.00|.28
BYM/02/26/00256|78343174.21|78343174.00|.21|78343174.21|78343174.00|.00|78343174.00|.21
BYM/02/26/00292|3529935.50|3529935.00|.50|3529935.50|3529935.00|.00|3529935.00|.50
BYM/02/26/00299|55680628.15|55680628.00|.15|55680628.15|55680628.00|.00|55680628.00|.15
BYM/03/26/00010|37027414.48|37027414.00|.48|37027414.48|37027414.00|.00|37027414.00|.48
BYM/03/26/00022|5562396.70|5562396.70|.00|5562396.70|5562397.00|.00|5562397.00|-.30
BYM/03/26/00030|130280560.55|130280560.55|.00|130280560.55|130280561.00|.00|130280561.00|-.45
BYM/03/26/00051|30030992.60|30030992.60|.00|30030992.60|30030993.00|.00|30030993.00|-.40
BYM/03/26/00061|18922264.34|18922264.00|.34|18922264.34|18922264.00|.00|18922264.00|.34
BYM/03/26/00072|30137660.21|30137660.21|.00|30137660.21|30137661.00|.00|30137661.00|-.79
BYM/03/26/00110|90801836.30|90801836.00|.30|90801836.30|90801836.00|.00|90801836.00|.30
BYM/03/26/00137|100655465.82|100655465.82|.00|100655465.82|100655466.00|.00|100655466.00|-.18
BYM/03/26/00156|52634258.95|52634258.95|.00|52634258.95|52634259.00|.00|52634259.00|-.05
BYM/03/26/00157|118149303.72|118149303.72|.00|118149303.72|118149304.00|.00|118149304.00|-.28
BYM/03/26/00189|70181471.08|70181471.00|.08|70181471.08|70181471.00|.00|70181471.00|.08
BYM/03/26/00190|36326131.63|36326131.63|.00|36326131.63|36326132.00|.00|36326132.00|-.37
BYM/03/26/00225|14292122.17|14292122.00|.17|14292122.17|14292122.00|.00|14292122.00|.17
BYM/03/26/00255|17888709.30|17888709.00|.30|17888709.30|17888709.00|.00|17888709.00|.30
BYM/03/26/00257|99034008.78|99034008.78|.00|99034008.78|99034009.00|.00|99034009.00|-.22
BYM/03/26/00284|32714718.19|32714718.19|.00|32714718.19|32714719.00|.00|32714719.00|-.81
BYM/03/26/00300|65551898.16|65551898.00|.16|65551898.16|65551898.00|.00|65551898.00|.16
BYM/03/26/00340|103401410.63|103401410.63|.00|103401410.63|103401411.00|.00|103401411.00|-.37
BYM/03/26/00341|34224947.68|34224947.68|.00|34224947.68|34224948.00|.00|34224948.00|-.32
BYM/04/26/00042|70418167.36|70418167.36|.00|70418167.36|70418168.00|.00|70418168.00|-.64
BYM/04/26/00050|27445597.76|27445597.76|.00|27445597.76|27445598.00|.00|27445598.00|-.24
BYM/04/26/00051|115202605.42|115202605.00|.42|115202605.42|115202605.00|.00|115202605.00|.42
BYM/04/26/00056|78821909.60|78821909.60|.00|78821909.60|78821910.00|.00|78821910.00|-.40
BYM/04/26/00064|88586720.25|88586720.25|.00|88586720.25|88586721.00|.00|88586721.00|-.75
BYM/04/26/00078|49940787.75|49940787.75|.00|49940787.75|49940788.00|.00|49940788.00|-.25
BYM/04/26/00079|35730226.13|35730226.00|.13|35730226.13|35730226.00|.00|35730226.00|.13
BYM/04/26/00080|38538531.85|38538531.85|.00|38538531.85|38538532.00|.00|38538532.00|-.15
BYM/04/26/00081|30439253.25|30439253.25|.00|30439253.25|30439254.00|.00|30439254.00|-.75
BYM/04/26/00089|26520184.25|26520184.25|.00|26520184.25|26520185.00|.00|26520185.00|-.75
BYM/04/26/00117|50981695.58|50981695.58|.00|50981695.58|50981696.00|.00|50981696.00|-.42
BYM/04/26/00125|35822785.25|35822785.25|.00|35822785.25|35822786.00|.00|35822786.00|-.75
BYM/04/26/00133|58896985.70|58896985.70|.00|58896985.70|58896986.00|.00|58896986.00|-.30
BYM/04/26/00217|108514395.50|108514395.50|.00|108514395.50|108514396.00|.00|108514396.00|-.50
BYM/04/26/00255|24849032.88|24849032.88|.00|24849032.88|24849033.00|.00|24849033.00|-.12
BYM/04/26/00256|29367789.85|29367789.85|.00|29367789.85|29367790.00|.00|29367790.00|-.15
BYM/04/26/00271|98925056.66|98925056.66|.00|98925056.66|98925057.00|.00|98925057.00|-.34
BYM/04/26/00285|21556481.80|21556481.80|.00|21556481.80|21556482.00|.00|21556482.00|-.20
BYM/04/26/00298|23872944.55|23872944.55|.00|23872944.55|23872945.00|.00|23872945.00|-.45
BYM/04/26/00328|34062869.40|34062869.00|.40|34062869.40|34062869.00|.00|34062869.00|.40
BYM/04/26/00329|42719968.90|42719968.90|.00|42719968.90|42719969.00|.00|42719969.00|-.10
BYM/10/25/00027|64852073.30|64852073.00|.30|64852073.30|64852073.00|.00|64852073.00|.30
BYM/10/25/00032|40757685.50|40757685.00|.50|40757685.50|40757685.00|.00|40757685.00|.50
BYM/11/25/00031|65595589.50|65595589.00|.50|65595589.50|65595589.00|.00|65595589.00|.50
BYM/11/25/00048|59448623.20|59448623.00|.20|59448623.20|59448623.00|.00|59448623.00|.20
BYM/11/25/00055|62558275.50|62558275.00|.50|62558275.50|62558275.00|.00|62558275.00|.50
BYM/11/25/00064|24180201.50|24180201.00|.50|24180201.50|24180201.00|.00|24180201.00|.50
BYM/11/25/00183|11021168.20|11021168.00|.20|11021168.20|11021168.00|.00|11021168.00|.20
BYM/12/25/00083|107037649.37|107037649.00|.37|107037649.37|107037649.00|.00|107037649.00|.37
BYM/12/25/00096|109820465.02|109820465.00|.02|109820465.02|109820465.00|.00|109820465.00|.02
BYM/12/25/00133|39199388.48|39199388.00|.48|39199388.48|39199388.00|.00|39199388.00|.48
BYM/12/25/00150|22512213.30|22512213.00|.30|22512213.30|22512213.00|.00|22512213.00|.30
BYM/12/25/00189|56296926.14|56296926.00|.14|56296926.14|56296926.00|.00|56296926.00|.14
BYM/12/25/00273|28712211.50|28712211.00|.50|28712211.50|28712211.00|.00|28712211.00|.50
